id = 19
a = 1:2.5:id

b = a(3:6)